(0,1) (145,232,75)
(0,2) (79,18,1)
(0,3) (33,18,1)
(1,1) (11,18,84)
(1,2) (38,72,96)
(1,3) (95,162,139)
(2,1) (82,105,122)
(2,2) (35,21,92)
(2,3) (50,86,110)
(3,1) (33,18,84)
(3,2) (255,255,255)
(3,3) (33,2,48)
(4,1) (189,199,173)
(4,2) (234,231,196)
(4,3) (33,5,56)
(5,1) (170,186,162)
(5,2) (120,178,147)
(5,3) (33,52,25)
(6,1) (89,140,135)
(6,2) (202,207,179)
(6,3) (33,232,75)
(7,1) (73,98,112)
(7,2) (212,209,184)
(7,3) (243,242,220)
(8,1) (35,18,89)
(8,2) (33,21,37)
(8,3) (172,194,169)
(9,1) (172,194,169)
(95,29) (172,194,169)
(9,3) (172,194,169)